18 10.0 10.0
93 10.0 10.0
19 10.0 9.9
16 10.0 9.5
38 9.0 9.2
10 10.0 9.1
70 6.1 9.1
60 10.0 9.0
37 10.0 8.8
89 6.0 8.8
52 10.0 8.7
91 10.0 8.6
23 10.0 8.5
96 9.0 8.5
68 8.7 8.5
11 10.0 8.4
49 10.0 8.4
83 9.3 8.4
71 9.2 8.4
41 9.1 8.4
14 7.7 8.4
28 10.0 8.3
61 10.0 8.3
99 9.3 8.3
36 8.9 8.3
43 8.9 8.3
72 8.9 8.3
24 10.0 8.2
34 10.0 8.2
46 10.0 8.2
73 10.0 8.2
78 9.5 8.2
21 8.8 8.2
87 10.0 8.1
64 9.1 8.1
62 3.0 8.0
75 9.0 7.9
27 8.3 7.9
12 10.0 7.8
32 9.2 7.8
45 9.2 7.8
95 8.3 7.8
26 7.6 7.8
65 6.3 7.7
29 8.6 7.6
69 8.4 7.6
88 7.0 7.6
86 10.0 7.5
84 5.4 7.5
56 4.7 7.5
54 4.4 7.5
82 9.1 7.4
79 4.8 7.4
30 10.0 7.3
85 8.7 7.3
25 6.0 7.3
92 9.4 7.2
31 8.4 7.2
76 9.4 7.1
33 7.0 7.1
17 9.3 7.0
67 6.7 6.6
81 7.5 6.4
22 7.4 6.4
80 9.3 6.0
98 9.0 6.0
55 8.5 5.9
97 8.5 5.4
94 6.9 5.4
90 7.5 5.2
39 7.2 5.0
63 2.5 4.7
77 7.5 4.2
42 9.3 4.0
74 7.5 2.0
