10 10.0 9.1
11 10.0 8.4
12 10.0 7.8
14 7.7 8.4
16 10.0 9.5
17 9.3 7.0
18 10.0 10.0
19 10.0 9.9
21 8.8 8.2
22 7.4 6.4
23 10.0 8.5
24 10.0 8.2
25 6.0 7.3
26 7.6 7.8
27 8.3 7.9
28 10.0 8.3
29 8.6 7.6
30 10.0 7.3
31 8.4 7.2
32 9.2 7.8
33 7.0 7.1
34 10.0 8.2
36 8.9 8.3
37 10.0 8.8
38 9.0 9.2
39 7.2 5.0
41 9.1 8.4
42 9.3 4.0
43 8.9 8.3
45 9.2 7.8
46 10.0 8.2
49 10.0 8.4
52 10.0 8.7
54 4.4 7.5
55 8.5 5.9
56 8.7 7.5
60 10.0 9.0
61 10.0 8.3
62 3.0 8.0
63 2.5 4.7
64 9.1 8.1
65 6.3 7.7
67 6.7 6.6
68 8.7 8.5
69 8.4 7.6
70 6.1 9.1
71 9.2 8.4
72 8.9 8.3
73 10.0 8.2
74 7.5 2.0
75 9.0 7.9
76 9.4 7.1
77 7.5 4.2
78 9.5 8.2
79 4.8 7.4
80 9.3 6.0
81 7.5 6.4
82 9.1 7.4
83 9.3 8.4
84 5.4 7.5
85 8.7 7.3
86 10.0 7.5
87 10.0 8.1
88 7.0 7.6
89 6.0 8.8
90 7.5 5.2
91 10.0 8.6
92 9.4 7.2
93 10.0 10.0
94 6.9 5.4
95 8.3 7.8
96 9.0 8.5
97 8.5 5.4
98 9.0 6.0
99 9.3 8.3
