113185
113770
113050
113341
113001
111754
109249
109330
113526
82253
111321
111996
109085
113432
113323
114127
113759
113961
113873
113838
113327
89377
102331
109370
113088
114277
113428
112901
111617
114069
113180
113486
111233
113629
114063
113121
113076
112860
113171
113059
112395
113374
113772
104314
87724
112278
109482
113595
113515
113448
113145
113262
109196
113152
103849
113708
109016
113401
106779
114016
113661
106260
110763
113365
94182
113620
110558
113536
113619
113682
113438
113063
113811
111402
113296
